’1

·- 1 N 6· 61
Ι 66661611 6661676616 516611.

Genesis. pag. Pag- Peg. Png.
111· 113. 31711. 611. 11, 211. 703. 16, 2161· 585.
1,1. 119. 317111. 663. 11, 3. 157. 11117. 593
1111125.3,19.217.11,7.173· 611.

' 1,16·11117.3,11.611.11,.3 78.11,11.161.

. 151. 3,11. 663111161156511. 533.
153 31361617.1311111173.11,1111.151.

537 3,.11 611. 131561. 763. 691.
1,31.656.1,1. 76. 1111111703 11, 971. 515.
1,111. 510. 16 151. 11, 15111. 533. 11,11. 611.

2, 7. 127. 110. 536. 11, 16. 703. 21111111. 703. i
2, 9· 663. 1, 13· 366. 11, 18. 665. 2115111. 11. .

1,15. 663. 671. 11, 22. 631. 1116. 500.

6,,631. 136. 113.157.15,1611.7ο3.11,16111;131. ’

663. 65. 161. 1113 173. 11, 13 116ἱ
1, 17. 17. 3761516173. 157. ·:
1, 16111. 151. 650167611611137. 176. “

11311. 39. 66. 361.16,11593.13,11. 479.
111. 161. 7.1ι11197.17,.1 111. 11. 161.
3. 17. 6,11356.17,1161763.11,1ο 611.
61611. 667. 373 17, 611. 131. 161. 111.

636. 656113 1173163136.

666. 11116.17,1661.136.16 464.
311. 161. 6111. 531. 18 135. 13, 11 611.

31161. 636. 61. 536. 13, 1. 333. 1311611. 131. “

3,15. 21. 9, 5. 531. 178. 703.
66. 536 1610111131. 16, 1061. 601.

130. 9,6. 5361611 111 1610611. 661.

¹ 113. 537.16,11.11.301.19.161.
316. 1169111111 51919. 517.19,17611.151.
316111 31. 11, 1.1Ι. 353. 191. 178. 19 17. 157.
6111.173.19,15611.703.30,.6 593.

103. 11, 1111. 131. 10. 181. 3013. 703.

 

