6ss · inahmmss

96. ng ·1 ng. 6,. a&
1.·3693 616. 119 310191611111.
1116111111· ,11111 111. 111. 111
.· 181.- 181. 6,.1111 199. 1,.11 111. ’186 191.
616 ·619· 611. 199. ·11.·1 ’119
11111111 ,.ἷιῗω... 1116111 11 111
· 16239. 1,3.· 39. 6,.”1 695. 193616
1, 22. 616. · 163. 66.-κ 611. 3,·2. 131.
¹2 27⁸ 5171 12³·sp 169· 516. ¹:12³· 365· '⁸42
116 116196. 1, 1. ·137. 696. 66· 676.
1, 611. 696 -· ·696. 6,·6. 61. 3. 3111.. 611,
1, 16. 1191. 1. 111. 619 ’ 616. 916 616
9112660666 116. 66·7.699. 313. ·629
1,.16· 16611 611611. 111911 699
· 111. 291. 1,.16 1136616199.
16 6 66. Hst'· 66 16
’ 111 11 6. 61611.- 119 1,1. ··191’. -196
316. 331661.- ..111- '232- 11. 193.
66. 661. 1,23. 616. 1,19.· 16. 19110.
66.-162. 653. 613. ’ · ’673
99. 619. 611. 616111. 116111. 119.
8,.911 666·- · 166111. 161616 119.
9161119 1,..1107156. 1, 21. 199. 6, 3. 13.
3.-1111· 611. ·.271309. 2..1 117. ·169.
. · 619. 1,.1 116161. 61. 116
1116111 199. · 691. 196189.
366. 2,.9 116. 2,.9 691. 6, 8. 169.
61· 661 161. 1,.11 667. 61111. 191
11.. 116 191. 99 919 616. 606·
11 191. 116. 191. 916. 119
1,1 9116 68.16.66 hd
1,6.1611’.1,12.6·38.Ῑ,16616, 6.· 117.
61 691. 618. 618
611 669 11911, 111. 1,9 16116111.
116. ’166111 663. 66. 671.
1;1.-6616 6119 11. 661·
69- 61. 1,·.11 16611911 168.
’161. 1, 11. 111. 911. 619 · 166
66· 119111119616 69 1‚:·6sq 199
63111 627. 31116117. 176372. 1..8 121.
691 161. 611. 619. 1,16 169.
66 161. 96. ,119 61. 6119 181.
819. 661. 9,1.-·196 166161. 16 61·
6162qq.· 196 9911119 166116 619.
1. 11166616 918111. 19 166 · ·.691
1161111919 161. 111. 111. 691. -.691
· · 116111. 320. 106. 611. 621. 1,.11 699.

 

