.. ,. ...ἕψω 6....4.. ...J . 666

Apocal. Ρη. Peg. Png. 1³⁸3.
666. 666. 666. 666. 66, 66 66 6966696. ’4
6. 69. 666 6. 9. · 666. 666666 696.
66. 696 666. 666. 66, 66 666. 666. 669.
666. 669. 666. 666 66,..6 66 66, 6 666.
699. 6666. 669.. 666 666 666
6, 69. 666. 666 666 666. 666 699.
666. 9666 666. 66, 66. 696. 66, 66 669
6..66 699 96 666. 696 66, 66. 666.
66 49666. 966 ·6.66·· 66 66 ··664.. ..666.
6,.’6 696666 666ῑῖ.666 696669 669.
66. 666 669. 666 696 666 6666 66.
66. 666 66 6666 6966966669 66, 66 666
6. 966. 666. 66. 6. 666. 69, 66. 666 666.
⁶2²·- 4464964666.4.,466464446494646. 666. Ι64646944 669.

 

